0, NaN, NaN, NaN, NaN, NaN, NaN
1, 99.98767, 1.5699354, 199.93839, 4.7094193, 99.938385, 4.7094107
2, 99.95071, 3.139484, 199.75357, 9.415357, 99.75357, 9.415348
3, 99.8891, 4.7082586, 199.44574, 14.114333, 99.44574, 14.114325
4, 99.80287, 6.2758727, 199.01514, 18.802876, 99.01514, 18.802866
5, 99.69205, 7.8419394, 198.46213, 23.47752, 98.46213, 23.47751
6, 99.55665, 9.406075, 197.78717, 28.134817, 97.78717, 28.134808
7, 99.396706, 10.96789, 196.99081, 32.77133, 96.990814, 32.771324
8, 99.21227, 12.527002, 196.07376, 37.383648, 96.07376, 37.38364
9, 99.00337, 14.083026, 195.03674, 41.968372, 95.03674, 41.968365
10, 98.77008, 15.63558, 193.88065, 46.52213, 93.880646, 46.52212
11, 98.51244, 17.18428, 192.60645, 51.041588, 92.606445, 51.041603
12, 98.230515, 18.728743, 191.2152, 55.523422, 91.215195, 55.523415
13, 97.924385, 20.26859, 189.70807, 59.96438, 89.70807, 59.96437
14, 97.59411, 21.803442, 188.0863, 64.36119, 88.0863, 64.36118
15, 97.23978, 23.33292, 186.35127, 68.71068, 86.35127, 68.71067
16, 96.86148, 24.856646, 184.50443, 73.00968, 84.504425, 73.009674
17, 96.45931, 26.374249, 182.5473, 77.25508, 82.5473, 77.25505
18, 96.03336, 27.885347, 180.4815, 81.443825, 80.48151, 81.44382
19, 95.58375, 29.389572, 178.3088, 85.57289, 78.30881, 85.57288
20, 95.11057, 30.886555, 176.03099, 89.63931, 76.03099, 89.639305
21, 94.61395, 32.375927, 173.64993, 93.64021, 73.64993, 93.64023
22, 94.09401, 33.85731, 171.16766, 97.57272, 71.16766, 97.572716
23, 93.55087, 35.330357, 168.58618, 101.43407, 68.58618, 101.43406
24, 92.98468, 36.794693, 165.90768, 105.22155, 65.907684, 105.22154
25, 92.39557, 38.24996, 163.13437, 108.932495, 63.13437, 108.932465
26, 91.783676, 39.695797, 160.26855, 112.564316, 60.268555, 112.56431
27, 91.14917, 41.13185, 157.31259, 116.11453, 57.31259, 116.114525
28, 90.49219, 42.557766, 154.26892, 119.58067, 54.26892, 119.580666
29, 89.81291, 43.97319, 151.14008, 122.960396, 51.140076, 122.96041
30, 89.11149, 45.377777, 147.92863, 126.2514, 47.928635, 126.251396
31, 88.3881, 46.77118, 144.63724, 129.45149, 44.637238, 129.45148
32, 87.64293, 48.15305, 141.26862, 132.55853, 41.268616, 132.55852
33, 86.87616, 49.52305, 137.8255, 135.5705, 37.8255, 135.57048
34, 86.087975, 50.880844, 134.31076, 138.48543, 34.31076, 138.48541
35, 85.27857, 52.226097, 130.72726, 141.30144, 30.727264, 141.30142
36, 84.44815, 53.55848, 127.077934, 144.01675, 27.077934, 144.01674
37, 83.5969, 54.877655, 123.36575, 146.6297, 23.365753, 146.62968
38, 82.72506, 56.183315, 119.593765, 149.13867, 19.593765, 149.13866
39, 81.832825, 57.475113, 115.765045, 151.54213, 15.765045, 151.54211
40, 80.92042, 58.75275, 111.88269, 153.8387, 11.88269, 153.83868
41, 79.98806, 60.01591, 107.949875, 156.02704, 7.949875, 156.02702
42, 79.035995, 61.264275, 103.96977, 158.10593, 3.9697723, 158.10591
43, 78.064445, 62.49754, 99.9456, 160.07425, -0.054397583, 160.07423
44, 77.073654, 63.715393, 95.88063, 161.93097, -4.1193695, 161.93095
45, 76.06387, 64.91755, 91.778114, 163.67514, -8.221886, 163.67513
46, 75.03533, 66.1037, 87.64135, 165.30595, -12.35865, 165.30594
47, 73.988304, 67.27356, 83.47368, 166.82268, -16.526321, 166.82266
48, 72.92303, 68.426834, 79.2784, 168.22467, -20.721603, 168.22466
49, 71.83978, 69.56325, 75.05888, 169.51141, -24.941116, 169.5114
50, 70.73884, 70.68251, 70.818504, 170.68248, -29.181496, 170.68246
51, 69.620445, 71.78435, 66.56059, 171.73752, -33.439407, 171.7375
52, 68.4849, 72.8685, 62.288544, 172.67633, -37.711456, 172.67632
53, 67.33247, 73.934685, 58.005722, 173.4988, -41.994278, 173.49878
54, 66.16345, 74.98265, 53.715504, 174.20486, -46.284496, 174.20485
55, 64.97812, 76.01213, 49.42124, 174.79465, -50.57876, 174.79463
56, 63.77677, 77.02287, 45.126305, 175.26828, -54.873695, 175.26826
57, 62.559708, 78.01463, 40.83404, 175.62608, -59.16596, 175.62607
58, 61.327217, 78.98717, 36.547768, 175.86844, -63.452232, 175.86842
59, 60.07961, 79.94023, 32.270805, 175.99579, -67.729195, 175.99577
60, 58.817204, 80.87358, 28.006462, 176.00873, -71.99354, 176.00871
61, 57.54029, 81.78701, 23.757988, 175.90797, -76.24201, 175.90796
62, 56.249195, 82.680275, 19.528637, 175.69424, -80.47136, 175.69423
63, 54.944237, 83.55316, 15.321625, 175.36845, -84.678375, 175.36844
64, 53.62574, 84.40545, 11.140133, 174.93155, -88.85986, 174.93153
65, 52.294014, 85.23694, 6.987301, 174.38458, -93.012695, 174.38457
66, 50.949413, 86.04742, 2.8662605, 173.72871, -97.13374, 173.7287
67, 49.592243, 86.836685, -1.2199402, 172.96521, -101.21994, 172.9652
68, 48.222855, 87.604546, -5.2682724, 172.09537, -105.26827, 172.09535
69, 46.841576, 88.350815, -9.275757, 171.12064, -109.27576, 171.12062
70, 45.448753, 89.07531, -13.239456, 170.04254, -113.239456, 170.04253
71, 44.04473, 89.77785, -17.156502, 168.86267, -117.1565, 168.86266
72, 42.62985, 90.45826, -21.024067, 167.5827, -121.02406, 167.58269
73, 41.20446, 91.11637, -24.839386, 166.20439, -124.839386, 166.20438
74, 39.768917, 91.75202, -28.59975, 164.72958, -128.59975, 164.72957
75, 38.32357, 92.36506, -32.302513, 163.16023, -132.30252, 163.16022
76, 36.868774, 92.95533, -35.94509, 161.49832, -135.9451, 161.4983
77, 35.404892, 93.52269, -39.52498, 159.74591, -139.52498, 159.7459
78, 33.932285, 94.06699, -43.039707, 157.90515, -143.0397, 157.90514
79, 32.451317, 94.58812, -46.486923, 155.9783, -146.48692, 155.97829
80, 30.962345, 95.08592, -49.864315, 153.96759, -149.86432, 153.96758
81, 29.465744, 95.560295, -53.169655, 151.8754, -153.16965, 151.87538
82, 27.96188, 96.01111, -56.40079, 149.70413, -156.40079, 149.70412
83, 26.451122, 96.438255, -59.555637, 147.45627, -159.55563, 147.45625
84, 24.933846, 96.84164, -62.632217, 145.13432, -162.63222, 145.13431
85, 23.410423, 97.221146, -65.62862, 142.7409, -165.62862, 142.74089
86, 21.88123, 97.5767, -68.543, 140.27866, -168.543, 140.27864
87, 20.346643, 97.908195, -71.37364, 137.75026, -171.37364, 137.75024
88, 18.807041, 98.21555, -74.118866, 135.15843, -174.11887, 135.15842
89, 17.262804, 98.49871, -76.77711, 132.506, -176.7771, 132.50598
90, 15.7143135, 98.75758, -79.34689, 129.79573, -179.3469, 129.79572
91, 14.161947, 98.99212, -81.826836, 127.03054, -181.82684, 127.03053
92, 12.6060915, 99.202255, -84.21564, 124.21331, -184.21564, 124.2133
93, 11.047129, 99.38793, -86.51209, 121.346954, -186.51208, 121.34695
94, 9.485442, 99.54912, -88.71509, 118.43446, -188.71509, 118.434456
95, 7.9214187, 99.68576, -90.82361, 115.47881, -190.82361, 115.478806
96, 6.3554416, 99.79784, -92.83673, 112.483025, -192.83673, 112.48302
97, 4.7878985, 99.885315, -94.753624, 109.45013, -194.75363, 109.45012
98, 3.2191749, 99.94817, -96.57356, 106.38319, -196.57356, 106.38318
99, 1.6496582, 99.98639, -98.29591, 103.285255, -198.29591, 103.28525
100, 0.07973471, 99.99997, -99.92014, 100.15944, -199.92014, 100.15943
101, -1.4902084, 99.9889, -101.44579, 97.00881, -201.4458, 97.008804
102, -3.0597842, 99.95318, -102.872536, 93.83647, -202.87253, 93.836464
103, -4.628606, 99.89282, -104.20013, 90.64553, -204.20013, 90.64552
104, -6.1962867, 99.807846, -105.428406, 87.43909, -205.4284, 87.43908
105, -7.7624397, 99.69827, -106.55733, 84.22024, -206.55733, 84.22023
106, -9.32668, 99.56412, -107.586945, 80.992065, -207.58694, 80.99206
107, -10.888621, 99.40542, -108.51738, 77.75766, -208.51738, 77.75765
108, -12.447879, 99.22222, -109.348885, 74.520096, -209.34888, 74.52009
109, -14.004068, 99.01457, -110.08179, 71.28243, -210.08179, 71.282425
110, -15.556805, 98.78252, -110.71652, 68.04771, -210.71652, 68.0477
111, -17.105707, 98.526115, -111.2536, 64.81894, -211.2536, 64.81893
112, -18.650394, 98.24542, -111.69365, 61.599106, -211.69365, 61.5991
113, -20.190483, 97.94051, -112.03737, 58.391186, -212.03737, 58.39118
114, -21.725597, 97.611465, -112.28557, 55.198116, -212.28557, 55.19811
115, -23.255354, 97.25836, -112.439125, 52.022808, -212.43912, 52.0228
116, -24.77938, 96.88128, -112.49902, 48.86812, -212.49902, 48.86811
117, -26.297298, 96.48032, -112.46634, 45.736885, -212.46634, 45.736877
118, -27.808735, 96.05558, -112.342224, 42.631897, -212.34222, 42.63189
119, -29.313316, 95.60716, -112.12791, 39.5559, -212.1279, 39.555893
120, -30.810673, 95.135185, -111.82472, 36.51161, -211.82472, 36.5116
121, -32.300438, 94.63975, -111.434074, 33.501648, -211.43408, 33.50164
122, -33.782234, 94.120995, -110.95744, 30.528645, -210.95744, 30.528635
123, -35.25571, 93.57903, -110.39641, 27.59513, -210.39641, 27.595121
124, -36.720493, 93.01401, -109.752594, 24.703606, -209.7526, 24.703596
125, -38.176228, 92.426056, -109.02774, 21.856491, -209.02774, 21.856482
126, -39.622547, 91.81532, -108.22362, 19.056175, -208.22362, 19.056166
127, -41.059105, 91.18196, -107.3421, 16.30497, -207.3421, 16.30496
128, -42.485542, 90.52612, -106.38512, 13.605095, -206.38512, 13.605086
129, -43.90152, 89.84796, -105.35465, 10.958725, -205.35464, 10.958716
130, -45.30667, 89.14766, -104.252785, 8.367989, -204.25278, 8.36798
131, -46.700657, 88.425385, -103.081635, 5.834915, -203.08163, 5.8349066
132, -48.083134, 87.68131, -101.84338, 3.361473, -201.84338, 3.3614643
133, -49.453754, 86.91563, -100.540276, 0.9495468, -200.54028, 0.94953805
134, -50.812183, 86.12852, -99.174614, -1.3990479, -199.17462, -1.3990566
135, -52.158092, 85.32018, -97.74875, -3.682579, -197.74875, -3.6825879
136, -53.49115, 84.490814, -96.26509, -5.899399, -196.26509, -5.8994074
137, -54.81102, 83.64062, -94.726074, -8.047928, -194.72607, -8.047936
138, -56.117374, 82.769806, -93.134186, -10.126671, -193.13419, -10.126679
139, -57.4099, 81.87859, -91.491974, -12.134239, -191.49197, -12.134248
140, -58.68827, 80.96719, -89.802, -14.069298, -189.802, -14.069306
141, -59.952183, 80.03584, -88.0669, -15.930618, -188.0669, -15.930627
142, -61.20131, 79.08476, -86.2893, -17.717064, -186.2893, -17.717073
143, -62.435352, 78.11419, -84.47188, -19.427551, -184.47188, -19.42756
144, -63.65401, 77.12436, -82.61735, -21.061142, -182.61734, -21.061152
145, -64.85698, 76.11552, -80.72843, -22.616936, -180.72842, -22.616945
146, -66.04395, 75.08792, -78.80787, -24.094147, -178.80786, -24.094156
147, -67.21465, 74.04182, -76.85845, -25.49208, -176.85846, -25.49209
148, -68.36879, 72.977455, -74.882965, -26.81015, -174.88297, -26.81016
149, -69.506065, 71.8951, -72.88419, -28.047821, -172.88419, -28.04783
150, -70.62622, 70.795044, -70.864975, -29.204666, -170.86497, -29.204676
151, -71.72896, 69.67752, -68.828094, -30.280396, -168.8281, -30.280405
152, -72.81402, 68.54282, -66.776405, -31.274742, -166.7764, -31.274752
153, -73.88113, 67.39124, -64.71271, -32.187576, -164.7127, -32.187584
154, -74.93002, 66.223045, -62.639847, -33.018837, -162.63985, -33.018845
155, -75.96046, 65.03852, -60.560635, -33.768593, -160.56064, -33.7686
156, -76.97216, 63.837963, -58.477875, -34.436962, -158.47787, -34.43697
157, -77.964905, 62.621677, -56.39439, -35.02418, -156.3944, -35.02419
158, -78.938416, 61.389954, -54.31294, -35.530563, -154.31294, -35.53057
159, -79.89248, 60.143097, -52.236317, -35.956528, -152.23631, -35.956535
160, -80.82685, 58.881413, -50.16727, -36.30257, -150.16727, -36.302578
161, -81.741295, 57.605217, -48.10852, -36.569283, -148.10852, -36.56929
162, -82.63559, 56.314827, -46.062786, -36.757347, -146.06279, -36.757355
163, -83.509514, 55.01055, -44.03273, -36.86754, -144.03273, -36.867546
164, -84.36286, 53.692715, -42.021023, -36.900715, -142.02103, -36.900723
165, -85.19541, 52.36165, -40.030262, -36.857796, -140.03026, -36.857803
166, -86.00696, 51.017677, -38.063023, -36.73983, -138.06302, -36.739838
167, -86.79731, 49.661125, -36.121857, -36.547913, -136.12186, -36.54792
168, -87.56626, 48.29233, -34.20925, -36.283253, -134.20926, -36.28326
169, -88.31364, 46.91164, -32.327675, -35.94711, -132.32767, -35.947117
170, -89.03924, 45.519382, -30.479523, -35.540836, -130.47952, -35.540844
171, -89.74289, 44.115906, -28.667149, -35.065872, -128.66714, -35.06588
172, -90.42443, 42.70155, -26.892883, -34.523716, -126.89288, -34.523724
173, -91.08368, 41.276676, -25.158958, -33.91595, -125.15896, -33.91596
174, -91.720474, 39.841625, -23.467575, -33.24423, -123.467575, -33.244236
175, -92.334656, 38.39675, -21.820862, -32.51027, -121.82086, -32.510277
176, -92.926094, 36.942417, -20.22094, -31.71587, -120.22094, -31.71588
177, -93.49461, 35.478973, -18.66977, -30.862885, -118.66977, -30.862894
178, -94.04009, 34.006786, -17.169327, -29.953243, -117.16933, -29.953253
179, -94.562386, 32.52622, -15.721481, -28.988914, -115.72148, -28.988924
180, -95.06138, 31.037632, -14.328064, -27.971966, -114.328064, -27.971975
181, -95.536934, 29.541393, -12.990814, -26.904491, -112.990814, -26.904501
182, -95.988945, 28.037876, -11.711395, -25.788647, -111.711395, -25.788656
183, -96.4173, 26.527443, -10.491402, -24.626648, -110.4914, -24.626657
184, -96.821884, 25.010475, -9.332359, -23.42075, -109.33236, -23.42076
185, -97.2026, 23.487343, -8.2357025, -22.173271, -108.2357, -22.17328
186, -97.55936, 21.958422, -7.2028046, -20.886564, -107.202805, -20.886574
187, -97.89207, 20.424086, -6.234932, -19.563032, -106.23493, -19.563042
188, -98.200645, 18.884716, -5.3332977, -18.205112, -105.3333, -18.205122
189, -98.48503, 17.34069, -4.4990234, -16.81528, -104.49902, -16.81529
190, -98.745125, 15.792394, -3.7331161, -15.396043, -103.733116, -15.396051
191, -98.98089, 14.240202, -3.0365524, -13.949955, -103.03655, -13.949964
192, -99.19225, 12.6845, -2.4101791, -12.479586, -102.41018, -12.479594
193, -99.37917, 11.125672, -1.8547897, -10.987531, -101.85479, -10.987539
194, -99.54159, 9.564102, -1.3710251, -9.476418, -101.371025, -9.476426
195, -99.679474, 8.0001745, -0.9595337, -7.9488897, -100.95953, -7.9488983
196, -99.792786, 6.434275, -0.62078094, -6.4076095, -100.62078, -6.407618
197, -99.8815, 4.86679, -0.35521698, -4.855256, -100.35522, -4.8552647
198, -99.9456, 3.298105, -0.1631546, -3.2945158, -100.163155, -3.2945247
199, -99.985054, 1.7286068, -0.044815063, -1.7280902, -100.044815, -1.7280989
